<?xml version="1.0" encoding="UTF-8" standalone="no"?>
<!-- Created with Inkscape (http://www.inkscape.org/) -->

<svg
   width="48.0px"
   height="48.0px"
   viewBox="0 0 48.0 48.0"
   version="1.1"
   id="SVGRoot"
   sodipodi:docname="podas"
   inkscape:export-filename="poda.png"
   inkscape:export-xdpi="96"
   inkscape:export-ydpi="96"
   inkscape:version="1.2.1 (0f2f062aeb, 2022-09-21, custom)"
   xmlns:inkscape="http://www.inkscape.org/namespaces/inkscape"
   xmlns:sodipodi="http://sodipodi.sourceforge.net/DTD/sodipodi-0.dtd"
   xmlns="http://www.w3.org/2000/svg"
   xmlns:svg="http://www.w3.org/2000/svg">
  <sodipodi:namedview
     id="namedview463"
     pagecolor="#ffffff"
     bordercolor="#000000"
     borderopacity="0.25"
     inkscape:showpageshadow="2"
     inkscape:pageopacity="0.0"
     inkscape:pagecheckerboard="0"
     inkscape:deskcolor="#d1d1d1"
     inkscape:document-units="px"
     showgrid="true"
     inkscape:zoom="16.119747"
     inkscape:cx="14.578393"
     inkscape:cy="24.100874"
     inkscape:window-width="1920"
     inkscape:window-height="1016"
     inkscape:window-x="0"
     inkscape:window-y="27"
     inkscape:window-maximized="1"
     inkscape:current-layer="layer1">
    <inkscape:grid
       type="xygrid"
       id="grid469" />
  </sodipodi:namedview>
  <defs
     id="defs458" />
  <g
     inkscape:label="Capa 1"
     inkscape:groupmode="layer"
     id="layer1">
    <path
       style="opacity:1;fill:#00aa00"
       d="m 18.755101,34.885682 c -0.03908,-0.09029 -0.06761,-0.185933 -0.117253,-0.270876 -0.05217,-0.08926 -0.135895,-0.157761 -0.186107,-0.248143 -0.28014,-0.504252 -0.441466,-1.066686 -0.639171,-1.602864 -0.181191,-0.491393 -0.4522,-0.98703 -0.56984,-1.503677 C 17.12092,30.72516 17.056357,30.1021 16.964232,29.566191 16.872972,29.0353 16.69829,28.509688 16.7527,27.965591 c 0.103812,-1.038126 1.307713,-2.750927 2.149096,-3.367883 0.260822,-0.191252 0.511518,-0.396455 0.777449,-0.580538 1.486541,-1.029016 0.01785,0.02753 0.818539,-0.466425 0.08425,-0.05198 0.150417,-0.132074 0.238961,-0.176345 0.657923,-0.328962 0.24637,-0.07227 0.713411,-0.237805 0.425226,-0.150712 0.847933,-0.338872 1.282072,-0.465267 0.280595,-0.08169 0.564149,-0.0858 0.836581,-0.205325 0.129248,-0.05671 0.246306,-0.140653 0.378931,-0.188934 0.181074,-0.06592 0.381339,-0.06534 0.564111,-0.126387 0.285682,-0.09542 0.532316,-0.253593 0.806464,-0.372214 0.3524,-0.15248 0.725958,-0.295844 1.055982,-0.496973 0.982294,-0.598647 -0.667102,0.30337 0.601611,-0.394149 0.606772,-0.333593 1.133409,-0.797092 1.671238,-1.233683 0.202832,-0.164651 0.436371,-0.290661 0.630698,-0.465267 0.12723,-0.114319 0.21168,-0.269133 0.327119,-0.395347 0.909494,-0.909495 -0.04877,0.07423 0.711252,-0.775835 0.417089,-0.466507 -0.03971,0.171501 0.617643,-0.614714 0.208193,-0.249005 0.368966,-0.534825 0.572652,-0.78753 0.251439,-0.311949 0.813659,-0.906663 0.998255,-1.184936 0.09165,-0.138153 0.10068,-0.317459 0.175767,-0.465267 0.04725,-0.09301 0.132533,-0.16187 0.187773,-0.250362 0.175782,-0.281597 0.361831,-0.56925 0.528682,-0.857514 0.147362,-0.115723 0.104561,-0.313177 0.186107,-0.45548 0.03117,-0.05439 0.100295,-0.0795 0.132988,-0.132992 0.04823,-0.07891 0.03213,-0.238185 0.124071,-0.248143 0.03651,-0.0039 0.01571,0.07195 0.02792,0.106582 0.04661,0.132217 0.113903,0.257219 0.188088,0.376175 0.200558,0.321598 0.461457,0.611047 0.664714,0.930731 0.804446,1.413333 -0.170764,-0.20288 0.521302,0.725158 0.335485,0.449874 0.61108,0.95696 0.931562,1.418317 0.204154,0.293894 0.451335,0.612424 0.690965,0.879037 0.06646,0.07394 0.165601,0.118643 0.218958,0.202534 0.06455,0.101491 0.06803,0.232584 0.125116,0.33845 0.02788,0.0517 0.09499,0.07387 0.124594,0.124594 0.578905,0.991802 0.879482,2.118232 1.226372,3.200089 0.577869,1.802223 0.580618,3.752631 0.410229,5.619798 -0.05006,0.548511 -0.262074,1.048805 -0.388329,1.575796 -0.398683,1.664104 0.419887,-1.088533 -0.237806,1.116642 -0.181278,0.607805 -0.578217,1.553161 -0.892771,2.074622 -0.08938,0.148168 -0.206086,0.278629 -0.29576,0.426617 -0.282291,0.465865 -0.513299,0.930161 -0.861518,1.348024 -0.44064,0.528768 -1.050589,0.860387 -1.591448,1.267752 -0.709831,0.534632 -1.441969,1.01921 -2.240298,1.418374 -0.140634,0.07032 -0.348601,0.07484 -0.496286,0.124072 -0.02774,0.0092 -0.03429,0.05279 -0.06204,0.06204 -0.07847,0.02616 -0.167898,-0.02006 -0.248142,0 -0.666505,0.166626 -1.375297,0.199407 -2.02518,0.361878 -0.155698,0.03892 -0.340588,-0.03892 -0.496286,0 -0.330101,0.08253 -0.405924,0.01478 -0.712085,0.06204 -0.0457,0.0071 -0.07921,0.05085 -0.124072,0.06204 -0.106071,0.02644 -0.263662,0 -0.373403,0 -0.482751,0 -0.997797,-0.04961 -1.477343,0 -0.08481,0.0088 -0.16353,0.05155 -0.248143,0.06204 -0.919165,0.113871 -2.036012,-0.07102 -2.930971,-0.250009 -0.204165,-0.04083 -0.416664,-0.05617 -0.620357,-0.124072 -0.149402,-0.0498 -0.28488,-0.136213 -0.43425,-0.186107 -0.287982,-0.0962 -0.553878,-0.120191 -0.80414,-0.247367 -0.09431,-0.04792 -0.271031,-0.01621 -0.360598,-0.06204 -0.229227,-0.117286 -0.496579,-0.246068 -0.795309,-0.35142 -0.112202,-0.03957 -0.247468,-0.03833 -0.363525,-0.06204 -0.188702,-0.03854 -0.270588,-0.191474 -0.433091,-0.246984 -0.100201,-0.03423 -0.286786,-0.04521 -0.365702,-0.118596 -0.01408,-0.0131 0.0136,-0.04409 0,-0.05769 -0.02331,-0.02332 -0.193646,0.0046 -0.209545,-0.02362 -0.05141,-0.09139 -0.08432,-0.192029 -0.126475,-0.288043 z"
       id="path563-6" />
    <path
       style="fill:#008080"
       d="m 12.166025,36.622826 c 2.183579,-0.17999 4.296389,-0.837919 6.425111,-1.335135 0.360298,-0.08416 0.729369,-0.127851 1.089017,-0.214743 0.729228,-0.176185 1.363539,-0.52022 2.035138,-0.832397 0.826715,-0.384279 1.652127,-0.759005 2.42009,-1.256557 0.570971,-0.369923 1.208404,-0.871309 1.681041,-1.365176 0.134396,-0.140432 0.21409,-0.32782 0.351537,-0.465267 0.100036,-0.100036 0.241645,-0.148711 0.351537,-0.237806 0.182613,-0.148054 0.343865,-0.321803 0.498702,-0.498702 0.238924,-0.272967 0.51153,-0.528688 0.744428,-0.806464 0.09152,-0.109155 0.158073,-0.238825 0.256503,-0.341791 0.07145,-0.07474 0.175033,-0.112997 0.248143,-0.186107 0.278299,-0.278299 0.495337,-0.629138 0.736155,-0.936935 0.141066,-0.1803 0.307467,-0.340772 0.454458,-0.516493 0.190834,-0.228133 0.312752,-0.49846 0.466874,-0.747636 0.05473,-0.08849 0.124798,-0.166521 0.187197,-0.249782 0.076,-0.113914 0.157826,-0.224153 0.228011,-0.341742 0.12169,-0.203881 0.122254,-0.28626 0.248143,-0.485945 0.129609,-0.205586 0.31435,-0.390895 0.423913,-0.61002 0.262022,-0.524045 0.547399,-1.032764 0.809217,-1.5564 0.08675,-0.173492 0.09713,-0.386009 0.186107,-0.558322 0.286583,-0.555018 0.583398,-1.131325 0.758768,-1.736843 0.09192,-0.317369 0.276338,-0.605378 0.341484,-0.931107 0.07078,-0.353896 0.09737,-0.729168 0.182949,-1.077592 0.04159,-0.169332 -0.04254,-0.370033 0,-0.539098 0.01128,-0.04484 0.05082,-0.07921 0.06204,-0.124072 0.03993,-0.159725 -0.05154,-0.354781 0,-0.510948 0.0628,-0.190264 0.01382,-0.368215 0.06127,-0.558335 0.05707,-0.228629 0.06204,-0.437326 0.06204,-0.681103 0,-0.364016 0,-0.728032 0,-1.092047 0,-0.0305 0.02967,-0.08444 0,-0.09151 -0.04439,-0.01058 -0.02494,0.137644 -0.02755,0.145283 -0.06985,0.204345 -0.167433,0.418581 -0.248143,0.620357 -0.06598,0.164949 -0.06996,0.333948 -0.124071,0.496286 -0.0092,0.02774 -0.05279,0.03429 -0.06204,0.06203 -0.01267,0.03802 -0.120917,0.466456 -0.124071,0.496286 -0.01621,0.153315 0.01653,0.309228 0,0.462509 -0.01256,0.116449 -0.09669,0.257463 -0.125651,0.372961 -0.101272,0.403892 -0.179201,0.827062 -0.248143,1.240714 -0.04618,0.277098 -0.181909,0.541529 -0.248142,0.806464 -0.09184,0.367366 -0.205193,0.76003 -0.299191,1.136022 -0.03943,0.15771 -0.03031,0.337649 -0.06204,0.496285 -0.03567,0.17833 -0.172307,0.370922 -0.237806,0.537643 -0.03977,0.101234 -0.02728,0.24878 -0.06204,0.348657 -0.04776,0.137262 -0.134664,0.290545 -0.180421,0.428565 -0.01268,0.03826 -0.02706,0.270253 -0.05882,0.299031 -0.01513,0.01371 -0.04653,-0.01414 -0.06126,0 -0.04245,0.04076 -0.0225,0.253778 -0.06202,0.295757 -0.01318,0.014 -0.04409,-0.0136 -0.05769,0 -0.06413,0.06413 -0.07518,0.258612 -0.117586,0.343422 -0.05386,0.10772 -0.125728,0.196993 -0.180976,0.304272 -0.03447,0.06692 -0.155327,0.453721 -0.177596,0.475836 -0.01459,0.01449 -0.04695,-0.01434 -0.06169,0 -0.02926,0.02845 0.02835,0.143995 0,0.173521 -0.01358,0.01414 -0.04418,-0.01304 -0.05882,0 -0.04024,0.03585 -0.09688,0.307779 -0.107313,0.318887 -0.04874,0.05189 -0.103705,0.03364 -0.168243,0.162102 -0.02939,0.0585 -0.03035,0.162409 -0.05806,0.225875 -0.02171,0.04971 -0.09376,0.06722 -0.111554,0.118456 -0.03071,0.08839 0.02945,0.135018 0,0.222831 -0.0088,0.02621 -0.106871,0.100084 -0.118293,0.122928 -0.0091,0.01816 0.01394,0.04614 0,0.06089 -0.01317,0.01394 -0.04398,-0.01356 -0.05754,0 -0.02785,0.02785 0.01632,0.08233 0,0.118176 -0.01142,0.02507 -0.105393,0.169103 -0.114628,0.179375 -0.01182,0.01315 -0.03863,-0.01025 -0.05304,0 -0.0182,0.01294 -0.04556,0.137914 -0.05839,0.149887 -0.01405,0.01311 -0.04433,-0.01385 -0.05765,0 -0.01385,0.0144 0.0087,0.04195 0,0.05993 -0.03385,0.06983 -0.133982,0.111885 -0.176925,0.176925 -0.03589,0.05436 -0.01597,0.139263 -0.06204,0.185327 -0.134416,0.134417 0.01608,-0.206952 -0.123291,0.06204 -0.14642,0.282589 -0.411061,0.51054 -0.548148,0.784238 -0.107657,0.214942 -0.399129,0.337852 -0.556201,0.494923 -0.0327,0.0327 -0.03639,0.0856 -0.06204,0.124071 -0.164924,0.247385 -0.455699,0.44478 -0.700435,0.59068 -0.178165,0.106214 -0.313874,0.306709 -0.488797,0.423573 -0.14107,0.09425 -0.189762,0.340535 -0.352282,0.42545 -0.08462,0.04421 -0.184577,0.06158 -0.233808,0.108419 -0.145405,0.138332 0.224772,-0.02994 -0.05828,0.121133 -0.08199,0.04376 -0.05063,-0.07532 -0.116927,0.05828 -0.0088,0.01767 0.01361,0.04489 0,0.05917 -0.227468,0.238667 -0.100706,-0.01243 -0.334562,0.224062 -0.06991,0.0707 -0.0834,0.19679 -0.186107,0.248143 -0.03599,0.01799 -0.295037,0.171042 -0.309403,0.185331 -0.03243,0.03226 -0.02904,0.09039 -0.06137,0.12275 -0.03849,0.03851 -0.186368,0.09251 -0.240381,0.119967 -0.194016,0.09863 0.03756,0.01254 -0.05639,0.120758 -0.03242,0.03734 -0.315709,0.199735 -0.361684,0.245356 -0.01455,0.01444 0.01453,0.04705 0,0.06151 -0.02158,0.153115 -0.131162,0.02585 -0.185331,0.06204 -0.146665,0.09798 -0.08123,0.106724 -0.18786,0.187857 -0.176615,0.134384 -0.408188,0.265914 -0.598673,0.361453 -0.07203,0.03613 -0.09917,0.134309 -0.170943,0.170947 -0.07274,0.03713 -0.200754,-0.007 -0.265772,0.05805 -0.0138,0.0138 0.01419,0.04514 0,0.05853 -0.01504,0.01419 -0.04343,-0.009 -0.06204,0 -0.07554,0.03665 -0.140515,0.140574 -0.217079,0.176773 -0.123788,0.05853 -0.246272,0.12024 -0.363419,0.180928 -0.05531,0.02865 -0.06328,-0.02765 -0.118028,0 -0.174288,0.08801 -0.340474,0.2384 -0.534127,0.303257 -0.03795,0.01271 -0.08438,-0.01813 -0.120058,0 -0.05166,0.02625 -0.07109,0.09701 -0.12292,0.12292 -0.0017,8.74e-4 -0.116794,-0.0013 -0.119414,0 -0.109509,0.05476 -0.227108,0.138694 -0.355975,0.182117 -0.0384,0.01294 -0.08547,-0.01842 -0.121568,0 -0.255378,0.130289 0.209974,-0.007 -0.181159,0.121598 -0.01964,0.0065 -0.04136,0 -0.06203,0 -0.04136,0 -0.08484,-0.01308 -0.124072,0 -0.02774,0.0092 -0.04136,0.04136 -0.06204,0.06204 -0.04148,0.02066 -0.07949,0.05074 -0.12445,0.06198 -0.03996,0.01 -0.08451,-0.01306 -0.123571,0 -0.194888,0.06514 -0.431332,0.245944 -0.614254,0.306586 -0.03821,0.01267 -0.08174,-0.0098 -0.120777,0 -0.109851,0.02769 -0.136664,0.09587 -0.246814,0.123408 -0.539395,0.134849 -1.086218,0.275595 -1.611096,0.474378 -0.04897,0.01854 -0.596866,0.119119 -0.597559,0.119456 -0.01808,0.0088 0.01912,0.0541 0,0.06032 -0.05874,0.01912 -0.125405,-0.01503 -0.185324,0 -0.02836,0.0071 -0.03588,0.04896 -0.06203,0.06204 -0.09056,0.04528 -0.207951,0.01404 -0.297514,0.06126 -0.01756,0.0093 0.01783,0.05082 0,0.05956 -0.06475,0.03172 -0.178006,-0.03221 -0.242629,0 -0.1295,0.06455 -0.328161,0.150404 -0.482595,0.177717 -0.111049,0.01964 -0.229041,-0.02786 -0.338318,0 -0.417378,0.106406 -0.849597,0.20716 -1.266708,0.302882 -0.137156,0.03148 -0.324633,0.01521 -0.457688,0.05956 -0.139005,0.04634 -0.304683,0.156074 -0.459989,0.194906 -0.533534,0.133404 -0.851999,0.133271 -1.286499,0.550185 z"
       id="path569-4" />
    <path
       style="fill:#008000"
       d="m 12.451102,26.940383 c -0.03908,-0.09029 -0.06761,-0.185933 -0.117253,-0.270876 -0.05217,-0.08926 -0.135895,-0.157761 -0.186107,-0.248143 -0.28014,-0.504252 -0.441466,-1.066686 -0.639171,-1.602864 -0.181191,-0.491393 -0.4522,-0.98703 -0.56984,-1.503677 -0.12181,-0.534962 -0.186373,-1.158022 -0.278498,-1.693931 -0.09126,-0.530891 -0.265942,-1.056503 -0.211532,-1.6006 0.103812,-1.038126 1.307713,-2.750927 2.149096,-3.367883 0.260822,-0.191252 0.511518,-0.396455 0.777449,-0.580538 1.486541,-1.029016 0.01785,0.02753 0.818539,-0.466425 0.08425,-0.05198 0.150417,-0.132074 0.238961,-0.176345 0.657923,-0.328962 0.24637,-0.07227 0.713411,-0.237805 0.425226,-0.150712 0.847933,-0.338872 1.282072,-0.465267 0.280595,-0.08169 0.564149,-0.0858 0.836581,-0.205325 0.129248,-0.05671 0.246306,-0.140653 0.378931,-0.188934 0.181074,-0.06592 0.381339,-0.06534 0.564111,-0.126387 0.285682,-0.09542 0.532316,-0.253593 0.806464,-0.372214 0.3524,-0.15248 0.725958,-0.295844 1.055982,-0.496973 0.982294,-0.598647 -0.667102,0.30337 0.601611,-0.394149 0.606772,-0.333593 1.133409,-0.797092 1.671238,-1.233683 0.202832,-0.164651 0.436371,-0.290661 0.630698,-0.465267 0.12723,-0.114319 0.21168,-0.269133 0.327119,-0.395347 0.909494,-0.9094953 -0.04877,0.07423 0.711252,-0.775835 0.417089,-0.4665073 -0.03971,0.171501 0.617643,-0.6147143 0.208193,-0.249005 0.368966,-0.534825 0.572652,-0.78753 0.251439,-0.311949 0.813659,-0.906663 0.998255,-1.184936 0.09165,-0.138153 0.10068,-0.317459 0.175767,-0.465267 0.04725,-0.09301 0.132533,-0.16187 0.187773,-0.250362 0.175782,-0.281597 0.361831,-0.56925 0.528682,-0.857514 0.147362,-0.115723 0.104561,-0.313177 0.186107,-0.45548 0.03117,-0.05439 0.100295,-0.0795 0.132988,-0.132992 0.04823,-0.07891 0.03213,-0.238185 0.124071,-0.248143 0.03651,-0.0039 0.01571,0.07195 0.02792,0.106582 0.04661,0.132217 0.113903,0.257219 0.188088,0.376175 0.200558,0.321599 0.461457,0.611048 0.664714,0.930731 0.804446,1.413333 -0.170764,-0.20288 0.521302,0.725158 0.335485,0.449874 0.61108,0.95696 0.931562,1.418317 0.204154,0.293894 0.451335,0.612424 0.690965,0.879037 0.06646,0.07394 0.165601,0.118643 0.218958,0.202534 0.06455,0.101491 0.06803,0.232584 0.125116,0.3384503 0.02788,0.0517 0.09499,0.07387 0.124594,0.124594 0.578905,0.991802 0.879482,2.118232 1.226372,3.200089 0.577869,1.802223 0.580618,3.752631 0.410229,5.619798 -0.05006,0.548511 -0.262074,1.048805 -0.388329,1.575796 -0.398683,1.664104 0.419887,-1.088533 -0.237806,1.116642 -0.181278,0.607805 -0.578217,1.553161 -0.892771,2.074622 -0.08938,0.148168 -0.206086,0.278629 -0.29576,0.426617 -0.282291,0.465865 -0.513299,0.930161 -0.861518,1.348024 -0.44064,0.528768 -1.050589,0.860387 -1.591448,1.267752 -0.709831,0.534632 -1.441969,1.01921 -2.240298,1.418374 -0.140634,0.07032 -0.348601,0.07484 -0.496286,0.124072 -0.02774,0.0092 -0.03429,0.05279 -0.06204,0.06204 -0.07847,0.02616 -0.167898,-0.02006 -0.248142,0 -0.666505,0.166626 -1.375297,0.199407 -2.02518,0.361878 -0.155698,0.03892 -0.340588,-0.03892 -0.496286,0 -0.330101,0.08253 -0.405924,0.01478 -0.712085,0.06204 -0.0457,0.0071 -0.07921,0.05085 -0.124072,0.06204 -0.106071,0.02644 -0.263662,0 -0.373403,0 -0.482751,0 -0.997797,-0.04961 -1.477343,0 -0.08481,0.0088 -0.16353,0.05155 -0.248143,0.06204 -0.919165,0.113871 -2.036012,-0.07102 -2.930971,-0.250009 -0.204165,-0.04083 -0.416664,-0.05617 -0.620357,-0.124072 -0.149402,-0.0498 -0.28488,-0.136213 -0.43425,-0.186107 -0.287982,-0.0962 -0.553878,-0.120191 -0.80414,-0.247367 -0.09431,-0.04792 -0.271031,-0.01621 -0.360598,-0.06204 -0.229227,-0.117286 -0.496579,-0.246068 -0.795309,-0.35142 -0.112202,-0.03957 -0.247468,-0.03833 -0.363525,-0.06204 -0.188702,-0.03854 -0.270588,-0.191474 -0.433091,-0.246984 -0.100201,-0.03423 -0.286786,-0.04521 -0.365702,-0.118596 -0.01408,-0.0131 0.0136,-0.04409 0,-0.05769 -0.02331,-0.02332 -0.193646,0.0046 -0.209545,-0.02362 -0.05141,-0.09139 -0.08432,-0.192029 -0.126475,-0.288043 z"
       id="path563" />
    <path
       style="fill:#008080"
       d="m 6.6485253,29.632038 c 2.183579,-0.17999 4.2963887,-0.837919 6.4251107,-1.335135 0.360298,-0.08416 0.729369,-0.127851 1.089017,-0.214743 0.729228,-0.176185 1.363539,-0.52022 2.035138,-0.832397 0.826715,-0.384279 1.652127,-0.759005 2.42009,-1.256557 0.570971,-0.369923 1.208404,-0.871309 1.681041,-1.365176 0.134396,-0.140432 0.21409,-0.32782 0.351537,-0.465267 0.100036,-0.100036 0.241645,-0.148711 0.351537,-0.237806 0.182613,-0.148054 0.343865,-0.321803 0.498702,-0.498702 0.238924,-0.272967 0.51153,-0.528688 0.744428,-0.806464 0.09152,-0.109155 0.158073,-0.238825 0.256503,-0.341791 0.07145,-0.07474 0.175033,-0.112997 0.248143,-0.186107 0.278299,-0.278299 0.495337,-0.629138 0.736155,-0.936935 0.141066,-0.1803 0.307467,-0.340772 0.454458,-0.516493 0.190834,-0.228133 0.312752,-0.49846 0.466874,-0.747636 0.05473,-0.08849 0.124798,-0.166521 0.187197,-0.249782 0.076,-0.113914 0.157826,-0.224153 0.228011,-0.341742 0.12169,-0.203881 0.122254,-0.28626 0.248143,-0.485945 0.129609,-0.205586 0.31435,-0.390895 0.423913,-0.61002 0.262022,-0.524045 0.547399,-1.032764 0.809217,-1.5564 0.08675,-0.173492 0.09713,-0.386009 0.186107,-0.558322 0.286583,-0.555018 0.583398,-1.131325 0.758768,-1.736843 0.09192,-0.317369 0.276338,-0.605378 0.341484,-0.931107 0.07078,-0.353896 0.09737,-0.729168 0.182949,-1.077592 0.04159,-0.169332 -0.04254,-0.370033 0,-0.539098 0.01128,-0.04484 0.05082,-0.07921 0.06204,-0.124072 0.03993,-0.159725 -0.05154,-0.354781 0,-0.510948 0.0628,-0.190264 0.01382,-0.368215 0.06127,-0.558335 0.05707,-0.228629 0.06204,-0.437326 0.06204,-0.6811033 0,-0.364016 0,-0.728032 0,-1.092047 0,-0.0305 0.02967,-0.08444 0,-0.09151 -0.04439,-0.01058 -0.02494,0.137644 -0.02755,0.145283 -0.06985,0.204345 -0.167433,0.418581 -0.248143,0.620357 -0.06598,0.164949 -0.06996,0.333948 -0.124071,0.4962863 -0.0092,0.02774 -0.05279,0.03429 -0.06204,0.06203 -0.01267,0.03802 -0.120917,0.466456 -0.124071,0.496286 -0.01621,0.153315 0.01653,0.309228 0,0.462509 -0.01256,0.116449 -0.09669,0.257463 -0.125651,0.372961 -0.101272,0.403892 -0.179201,0.827062 -0.248143,1.240714 -0.04618,0.277098 -0.181909,0.541529 -0.248142,0.806464 -0.09184,0.367366 -0.205193,0.76003 -0.299191,1.136022 -0.03943,0.15771 -0.03031,0.337649 -0.06204,0.496285 -0.03567,0.17833 -0.172307,0.370922 -0.237806,0.537643 -0.03977,0.101234 -0.02728,0.24878 -0.06204,0.348657 -0.04776,0.137262 -0.134664,0.290545 -0.180421,0.428565 -0.01268,0.03826 -0.02706,0.270253 -0.05882,0.299031 -0.01513,0.01371 -0.04653,-0.01414 -0.06126,0 -0.04245,0.04076 -0.0225,0.253778 -0.06202,0.295757 -0.01318,0.014 -0.04409,-0.0136 -0.05769,0 -0.06413,0.06413 -0.07518,0.258612 -0.117586,0.343422 -0.05386,0.10772 -0.125728,0.196993 -0.180976,0.304272 -0.03447,0.06692 -0.155327,0.453721 -0.177596,0.475836 -0.01459,0.01449 -0.04695,-0.01434 -0.06169,0 -0.02926,0.02845 0.02835,0.143995 0,0.173521 -0.01358,0.01414 -0.04418,-0.01304 -0.05882,0 -0.04024,0.03585 -0.09688,0.307779 -0.107313,0.318887 -0.04874,0.05189 -0.103705,0.03364 -0.168243,0.162102 -0.02939,0.0585 -0.03035,0.162409 -0.05806,0.225875 -0.02171,0.04971 -0.09376,0.06722 -0.111554,0.118456 -0.03071,0.08839 0.02945,0.135018 0,0.222831 -0.0088,0.02621 -0.106871,0.100084 -0.118293,0.122928 -0.0091,0.01816 0.01394,0.04614 0,0.06089 -0.01317,0.01394 -0.04398,-0.01356 -0.05754,0 -0.02785,0.02785 0.01632,0.08233 0,0.118176 -0.01142,0.02507 -0.105393,0.169103 -0.114628,0.179375 -0.01182,0.01315 -0.03863,-0.01025 -0.05304,0 -0.0182,0.01294 -0.04556,0.137914 -0.05839,0.149887 -0.01405,0.01311 -0.04433,-0.01385 -0.05765,0 -0.01385,0.0144 0.0087,0.04195 0,0.05993 -0.03385,0.06983 -0.133982,0.111885 -0.176925,0.176925 -0.03589,0.05436 -0.01597,0.139263 -0.06204,0.185327 -0.134416,0.134417 0.01608,-0.206952 -0.123291,0.06204 -0.14642,0.282589 -0.411061,0.51054 -0.548148,0.784238 -0.107657,0.214942 -0.399129,0.337852 -0.556201,0.494923 -0.0327,0.0327 -0.03639,0.0856 -0.06204,0.124071 -0.164924,0.247385 -0.455699,0.44478 -0.700435,0.59068 -0.178165,0.106214 -0.313874,0.306709 -0.488797,0.423573 -0.14107,0.09425 -0.189762,0.340535 -0.352282,0.42545 -0.08462,0.04421 -0.184577,0.06158 -0.233808,0.108419 -0.145405,0.138332 0.224772,-0.02994 -0.05828,0.121133 -0.08199,0.04376 -0.05063,-0.07532 -0.116927,0.05828 -0.0088,0.01767 0.01361,0.04489 0,0.05917 -0.227468,0.238667 -0.100706,-0.01243 -0.334562,0.224062 -0.06991,0.0707 -0.0834,0.19679 -0.186107,0.248143 -0.03599,0.01799 -0.295037,0.171042 -0.309403,0.185331 -0.03243,0.03226 -0.02904,0.09039 -0.06137,0.12275 -0.03849,0.03851 -0.186368,0.09251 -0.240381,0.119967 -0.194016,0.09863 0.03756,0.01254 -0.05639,0.120758 -0.03242,0.03734 -0.315709,0.199735 -0.361684,0.245356 -0.01455,0.01444 0.01453,0.04705 0,0.06151 -0.02158,0.153115 -0.131162,0.02585 -0.185331,0.06204 -0.146665,0.09798 -0.08123,0.106724 -0.18786,0.187857 -0.176615,0.134384 -0.408188,0.265914 -0.598673,0.361453 -0.07203,0.03613 -0.09917,0.134309 -0.170943,0.170947 -0.07274,0.03713 -0.200754,-0.007 -0.265772,0.05805 -0.0138,0.0138 0.01419,0.04514 0,0.05853 -0.01504,0.01419 -0.04343,-0.009 -0.06204,0 -0.07554,0.03665 -0.140515,0.140574 -0.217079,0.176773 -0.123788,0.05853 -0.246272,0.12024 -0.363419,0.180928 -0.05531,0.02865 -0.06328,-0.02765 -0.118028,0 -0.174288,0.08801 -0.340474,0.2384 -0.534127,0.303257 -0.03795,0.01271 -0.08438,-0.01813 -0.120058,0 -0.05166,0.02625 -0.07109,0.09701 -0.12292,0.12292 -0.0017,8.74e-4 -0.116794,-0.0013 -0.119414,0 -0.109509,0.05476 -0.227108,0.138694 -0.355975,0.182117 -0.0384,0.01294 -0.08547,-0.01842 -0.121568,0 -0.255378,0.130289 0.209974,-0.007 -0.181159,0.121598 -0.01964,0.0065 -0.04136,0 -0.06203,0 -0.04136,0 -0.08484,-0.01308 -0.124072,0 -0.02774,0.0092 -0.04136,0.04136 -0.06204,0.06204 -0.04148,0.02066 -0.07949,0.05074 -0.12445,0.06198 -0.03996,0.01 -0.08451,-0.01306 -0.123571,0 -0.194888,0.06514 -0.431332,0.245944 -0.614254,0.306586 -0.03821,0.01267 -0.08174,-0.0098 -0.120777,0 -0.109851,0.02769 -0.136664,0.09587 -0.246814,0.123408 -0.539395,0.134849 -1.086218,0.275595 -1.611096,0.474378 -0.04897,0.01854 -0.596866,0.119119 -0.597559,0.119456 -0.01808,0.0088 0.01912,0.0541 0,0.06032 -0.05874,0.01912 -0.125405,-0.01503 -0.185324,0 -0.02836,0.0071 -0.03588,0.04896 -0.06203,0.06204 -0.09056,0.04528 -0.207951,0.01404 -0.297514,0.06126 -0.01756,0.0093 0.01783,0.05082 0,0.05956 -0.06475,0.03172 -0.178006,-0.03221 -0.242629,0 -0.1295,0.06455 -0.328161,0.150404 -0.482595,0.177717 -0.111049,0.01964 -0.229041,-0.02786 -0.338318,0 -0.4173777,0.106406 -0.8495967,0.20716 -1.2667077,0.302882 -0.137156,0.03148 -0.324633,0.01521 -0.457688,0.05956 -0.139005,0.04634 -0.304683,0.156074 -0.459989,0.194906 -0.533534,0.133404 -0.851999,0.133271 -1.286499,0.550185 z"
       id="path569" />
    <path
       style="opacity:1;fill:#502d16"
       d="m 8.7753991,10.545747 0.854899,-1.357241 c 0.207948,0.018046 0.4210599,0.00468 0.6238449,0.054139 0.303496,0.074026 0.835634,0.5307427 1.005914,0.6587376 0.198227,0.1490004 0.396119,0.2984464 0.594178,0.4476684 0.211137,0.133345 0.431655,0.25288 0.633409,0.400035 0.289114,0.210873 0.554701,0.452334 0.836899,0.672376 0.687197,0.535839 1.481167,0.891184 2.172011,1.410404 0.213055,0.160126 0.392525,0.361102 0.599123,0.529475 0.811671,0.661493 1.682739,1.241 2.507786,1.885732 1.446904,1.130683 1.821473,1.419492 3.416617,2.729708 0.445239,0.365709 0.868693,0.758031 1.322814,1.11265 1.658243,1.294906 3.437115,2.419802 5.178521,3.595576 0.384254,0.259443 0.752875,0.541899 1.141428,0.794859 0.574922,0.374292 1.180327,0.70115 1.748045,1.08628 0.536214,0.363758 1.032715,0.783215 1.560942,1.158478 3.591117,2.551203 0.736333,0.41281 2.727398,1.93477 0.929899,0.710809 1.914385,1.27361 2.490864,2.31504 0.348636,0.629823 0.524971,1.386315 0.958229,1.970221 0.368618,0.496791 0.343161,0.278305 0.717773,0.65459 0.076,0.07634 0.117651,0.182307 0.193407,0.258884 0.03252,0.03287 0.09138,0.02934 0.124071,0.06204 0.238624,0.238624 0.469124,1.739644 0.496483,1.985745 0.04192,0.377064 -0.0459,0.842401 0.120156,1.175369 0.02206,0.04424 -0.09887,0 -0.148304,0"
       id="path783" />
  </g>
</svg>
